-8.531042188405990601e-02 1.814252257347106934e+00 -3.278229236602783203e-01
-1.333156041800975800e-02 1.664176225662231445e+00 -1.797686219215393066e-01
1.409309059381484985e-01 1.635903000831604004e+00 -2.445879876613616943e-01
4.083775281906127930e-01 1.599126696586608887e+00 -3.119141459465026855e-01
6.567093133926391602e-01 1.604917883872985840e+00 -4.002667069435119629e-01
-1.927434802055358887e-01 1.631119728088378906e+00 -1.100686267018318176e-01
-4.067947566509246826e-01 1.557858943939208984e+00 3.684134781360626221e-02
-6.598027348518371582e-01 1.579036951065063477e+00 1.366591900587081909e-01
-4.506050143390893936e-03 1.178169965744018555e+00 -1.526499986648559570e-01
6.216186285018920898e-02 1.077166557312011719e+00 -1.465786099433898926e-01
1.395079195499420166e-01 7.037062644958496094e-01 -1.066889017820358276e-01
1.670675873756408691e-01 2.780796289443969727e-01 -1.118947565555572510e-02
-4.157078266143798828e-02 1.086836576461791992e+00 -9.855998307466506958e-02
-7.524947822093963623e-02 6.935685873031616211e-01 -1.934906840324401855e-02
9.980864822864532471e-03 2.825930118560791016e-01 5.198459327220916748e-02
-4.112130403518676758e-02 1.855138421058654785e+00 -3.078359663486480713e-01
-1.054603904485702515e-01 1.854047775268554688e+00 -2.811816334724426270e-01
3.232783079147338867e-02 1.833239078521728516e+00 -2.337196916341781616e-01
-1.057487726211547852e-01 1.837246894836425781e+00 -1.789668500423431396e-01
-7.114238291978836060e-02 1.923308372497558594e-01 -1.328689754009246826e-01
-1.190684512257575989e-01 1.900292634963989258e-01 -5.841914564371109009e-02
1.831563934683799744e-02 2.481343746185302734e-01 1.159565299749374390e-01
8.048447966575622559e-02 1.933028697967529297e-01 -1.919303387403488159e-01
1.742595136165618896e-01 1.950256824493408203e-01 -1.777117252349853516e-01
1.979345232248306274e-01 2.335078716278076172e-01 4.342341423034667969e-02
