-9.083493053913116455e-02 1.823270916938781738e+00 -3.425273299217224121e-01
-1.996247470378875732e-02 1.660403609275817871e+00 -1.946636289358139038e-01
1.183369457721710205e-01 1.634051322937011719e+00 -2.491520941257476807e-01
3.764324784278869629e-01 1.595561385154724121e+00 -3.171507120132446289e-01
6.195022463798522949e-01 1.601412057876586914e+00 -4.020665287971496582e-01
-1.755084246397018433e-01 1.630716204643249512e+00 -1.273642331361770630e-01
-3.871762156486511230e-01 1.558174967765808105e+00 8.167073130607604980e-03
-6.334193944931030273e-01 1.576855778694152832e+00 1.089409738779067993e-01
-4.930930677801370621e-03 1.148361086845397949e+00 -1.575661003589630127e-01
5.956661701202392578e-02 1.046475887298583984e+00 -1.438311338424682617e-01
1.354873329401016235e-01 6.746450662612915039e-01 -1.043295562267303467e-01
1.607056111097335815e-01 2.638976573944091797e-01 -1.192513108253479004e-02
-3.593273833394050598e-02 1.055810689926147461e+00 -1.003941893577575684e-01
-6.761005520820617676e-02 6.645300388336181641e-01 -2.177865803241729736e-02
1.543363183736801147e-02 2.683532238006591797e-01 4.668907821178436279e-02
-4.726364836096763611e-02 1.864735960960388184e+00 -3.224741816520690918e-01
-1.105122789740562439e-01 1.863665103912353516e+00 -2.962583899497985840e-01
2.393551543354988098e-02 1.843608140945434570e+00 -2.525175213813781738e-01
-1.123764961957931519e-01 1.847576618194580078e+00 -1.982655823230743408e-01
-6.495901197195053101e-02 1.792382001876831055e-01 -1.363518834114074707e-01
-1.113497763872146606e-01 1.765600442886352539e-01 -6.285451352596282959e-02
2.259032055735588074e-02 2.348841428756713867e-01 1.073364764451980591e-01
7.511415332555770874e-02 1.801236867904663086e-01 -1.907254159450531006e-01
1.670780479907989502e-01 1.813031435012817383e-01 -1.760858446359634399e-01
1.903732120990753174e-01 2.204139232635498047e-01 3.946077823638916016e-02
