-9.091011434793472290e-02 1.823169112205505371e+00 -3.425885438919067383e-01
-1.996247470378875732e-02 1.660403609275817871e+00 -1.946636289358139038e-01
1.183369457721710205e-01 1.634051322937011719e+00 -2.491520941257476807e-01
3.764324784278869629e-01 1.595561385154724121e+00 -3.171507120132446289e-01
6.195022463798522949e-01 1.601412057876586914e+00 -4.020665287971496582e-01
-1.755084246397018433e-01 1.630716204643249512e+00 -1.273642331361770630e-01
-3.871762156486511230e-01 1.558174967765808105e+00 8.167073130607604980e-03
-6.334193944931030273e-01 1.576855778694152832e+00 1.089409738779067993e-01
-4.930930677801370621e-03 1.148361086845397949e+00 -1.575661003589630127e-01
5.956661701202392578e-02 1.046475887298583984e+00 -1.438311338424682617e-01
1.354873329401016235e-01 6.746450662612915039e-01 -1.043295562267303467e-01
1.607056111097335815e-01 2.638976573944091797e-01 -1.192513108253479004e-02
-3.593273833394050598e-02 1.055810689926147461e+00 -1.003941893577575684e-01
4.231689870357513428e-02 7.206319570541381836e-01 1.040969938039779663e-01
2.319621890783309937e-01 4.139235019683837891e-01 3.003230094909667969e-01
-4.717896133661270142e-02 1.864859819412231445e+00 -3.224552869796752930e-01
-1.106938868761062622e-01 1.863646984100341797e+00 -2.962658405303955078e-01
2.366146072745323181e-02 1.843548774719238281e+00 -2.524796128273010254e-01
-1.125013306736946106e-01 1.847544908523559570e+00 -1.984233260154724121e-01
2.010071724653244019e-01 2.508050203323364258e-01 1.574568301439285278e-01
1.497708112001419067e-01 2.571697235107421875e-01 2.279087156057357788e-01
2.421723455190658569e-01 4.061094522476196289e-01 3.678205013275146484e-01
7.534610480070114136e-02 1.801403760910034180e-01 -1.906106472015380859e-01
1.671500802040100098e-01 1.811770200729370117e-01 -1.760158538818359375e-01
1.903946101665496826e-01 2.199448347091674805e-01 3.929565846920013428e-02
