-4.951357841491699219e-02 1.721838355064392090e+00 -3.204206824302673340e-01
-2.124615386128425598e-02 1.708617568016052246e+00 -2.015218436717987061e-01
1.258367449045181274e-01 1.706482887268066406e+00 -2.374133169651031494e-01
3.722319900989532471e-01 1.625059008598327637e+00 -1.248826682567596436e-01
3.346402943134307861e-01 1.629524469375610352e+00 -3.881337940692901611e-01
-1.554525494575500488e-01 1.734076619148254395e+00 -1.363753825426101685e-01
-2.197947502136230469e-01 1.621356368064880371e+00 1.042154282331466675e-01
-4.195927381515502930e-01 1.434186100959777832e+00 1.339268535375595093e-01
-5.431663244962692261e-03 1.245649099349975586e+00 -1.563139259815216064e-01
5.667849630117416382e-02 1.149017214775085449e+00 -1.444257199764251709e-01
1.753243505954742432e-01 7.930867671966552734e-01 -2.999095618724822998e-01
3.026953339576721191e-01 4.522455930709838867e-01 -3.248065710067749023e-02
-3.584648296236991882e-02 1.158188700675964355e+00 -1.018548533320426941e-01
-1.728232502937316895e-01 7.673568725585937500e-01 -1.990958899259567261e-01
-2.302909940481185913e-01 3.338402509689331055e-01 -1.648922115564346313e-01
-2.383278496563434601e-02 1.766767859458923340e+00 -3.571787774562835693e-01
-9.158342331647872925e-02 1.765315413475036621e+00 -3.444725871086120605e-01
1.824385859072208405e-02 1.855872273445129395e+00 -3.223844766616821289e-01
-1.237825006246566772e-01 1.850318789482116699e+00 -3.002820611000061035e-01
-1.997054517269134521e-01 2.372977733612060547e-01 -3.580732941627502441e-01
-2.773950695991516113e-01 2.332253456115722656e-01 -3.212271928787231445e-01
-2.546372711658477783e-01 2.978910207748413086e-01 -1.056865453720092773e-01
3.708199262619018555e-01 2.875317335128784180e-01 -1.571853309869766235e-01
4.284179508686065674e-01 3.493071794509887695e-01 -1.191114336252212524e-01
3.152579367160797119e-01 4.483630657196044922e-01 4.461972415447235107e-02
