-7.365019619464874268e-02 1.821040153503417969e+00 -2.923121452331542969e-01
-1.598911732435226440e-02 1.721406221389770508e+00 -1.745989769697189331e-01
1.197137087583541870e-01 1.709694623947143555e+00 -2.330136746168136597e-01
3.703236579895019531e-01 1.673668503761291504e+00 -3.016496300697326660e-01
6.107112169265747070e-01 1.682535171508789062e+00 -3.865129351615905762e-01
-1.734534353017807007e-01 1.707481622695922852e+00 -1.119877621531486511e-01
-3.801752924919128418e-01 1.637600541114807129e+00 1.809684932231903076e-02
-6.242247819900512695e-01 1.658367395401000977e+00 1.173997372388839722e-01
-5.312398076057434082e-03 1.258994698524475098e+00 -1.456533372402191162e-01
5.470449477434158325e-02 1.162091016769409180e+00 -1.353420466184616089e-01
1.284183114767074585e-01 8.014669418334960938e-01 -9.897942095994949341e-02
1.544532477855682373e-01 3.988288640975952148e-01 -1.178936660289764404e-02
-3.567982465028762817e-02 1.171578884124755859e+00 -9.384667873382568359e-02
-6.768829375505447388e-02 7.918885946273803711e-01 -1.943200826644897461e-02
9.056387469172477722e-03 4.031319618225097656e-01 4.647544026374816895e-02
-3.080122545361518860e-02 1.863048791885375977e+00 -2.719822227954864502e-01
-9.264191985130310059e-02 1.861997842788696289e+00 -2.463482618331909180e-01
4.009485244750976562e-02 1.845812082290649414e+00 -2.060447037220001221e-01
-9.736436605453491211e-02 1.849652051925659180e+00 -1.514306068420410156e-01
-6.659164279699325562e-02 3.167303800582885742e-01 -1.291497945785522461e-01
-1.115704625844955444e-01 3.148096799850463867e-01 -5.923717468976974487e-02
1.919605769217014313e-02 3.717818260192871094e-01 1.050912588834762573e-01
7.201965898275375366e-02 3.173327445983886719e-01 -1.828908324241638184e-01
1.601037234067916870e-01 3.194397687911987305e-01 -1.697217077016830444e-01
1.812147796154022217e-01 3.578635454177856445e-01 3.912317752838134766e-02
